CARREGAR NA MEMORIA
		opcode  valor		 Hex Valor
LDI 21 A	0011 	0000 0001 0101   3015
STO 0		0001	0000 0000 0000   1000
LDI 10 B	0011    0000 0000 1010   300A
STO 1		0001	0000 0000 0001   1001
LDI 63 C	0011	0000 0011 1111	 303f
STO 2		0001	0000 0000 0010	 1002
LDI 42 D	0011	0000 0010 1010	 302a
STO 3		0001	0000 0000 0011	 1003

Sequencia equação 2*A-B+2*C+D
LD 0		0010	0000 0000 0000	 2000
ADD 0 2A	0100	0000 0000 0000	 4000
STO 4		0001	0000 0000 0100   1004
LD 2		0010	0000 0000 0010	 2002	
ADD 2 2C	0100	0000 0000 0010   4002
ADD 4 2C+2A´	0100	0000 0000 0100	 4004
ADD 3 ´+D´	0100	0000 0000 0011 	 4003
SUB 1 ´-B	0110	0000 0000 0001	 6001

Resultado
STO 5		0001	0000 0000 0101	 1005

NOP		0000	0000 0000 0000	 0000